        g[-1,1]                 Second order                Exact                     CCDhh


 -0.98000001907348633        2.6998833415031429        2.7674782181324389        2.7623768579377650     
 -0.95999997854232788        2.6911999905586241        2.7537860077418941        2.7502263483061680     
 -0.93999999761581421        2.6822833322564761        2.7447645477342615        2.7379636794338276     
 -0.92000001668930054        2.6731333410660425        2.7295158633023586        2.7255873290548811     
 -0.89999997615814209        2.6637499886751170        2.7158196661602467        2.7130957453817519     
 -0.87999999523162842        2.6541333310127255        2.7044993415010961        2.7004874596149446     
 -0.86000001430511475        2.6442833404620485        2.6914208201880534        2.6877608618641271     
 -0.84000003337860107        2.6342000170230859        2.6778927281408258        2.6749143489691658     
 -0.81999999284744263        2.6238833296020827        2.6643820021535358        2.6619462478500653     
 -0.80000001192092896        2.6133333396911622        2.6511318397944184        2.6488549696721355     
 -0.77999997138977051        2.6025499844074247        2.6378709000031062        2.6356387375788515     
 -0.75999999046325684        2.5915333280245463        2.6239495998383084        2.6222958979986890     
 -0.74000000953674316        2.5802833387533823        2.6100923753899146        2.6088246449990127     
 -0.72000002861022949        2.5688000165939329        2.5968386685211069        2.5952231765662885     
 -0.70000004768371582        2.5570833615461979        2.5800767454037903        2.5814896544864405     
 -0.68000000715255737        2.5451333376487097        2.5664661299388545        2.5676221618665389     
 -0.65999996662139893        2.5329499794721597        2.5546425977168994        2.5536188259295001     
 -0.63999998569488525        2.5205333243687944        2.5415876739927850        2.5394777363786982     
 -0.62000000476837158        2.5078833363771436        2.5265396996156717        2.5251968588720217     
 -0.60000002384185791        2.4950000154972072        2.5118966804651155        2.5107741593376258     
 -0.58000004291534424        2.4818833617289853        2.4973872227549592        2.4962075613314902     
 -0.56000000238418579        2.4685333349386851        2.4819963889758316        2.4814949008212293     
 -0.54000002145767212        2.4549500146985053        2.4668825539474852        2.4666341008207859     
 -0.51999998092651367        2.4411333200454708        2.4520520018429153        2.4516228621273992     
 -0.50000000000000000        2.4270833333333330        2.4368832116101729        2.4364590163934423     
 -0.48000001907348633        2.4128000137329098        2.4215031038205108        2.4211402127756694     
 -0.46000003814697266        2.3982833612442009        2.4059025882369465        2.4056640950711783     
 -0.43999999761581421        2.3835333315610887        2.3903933302531026        2.3900282089649361     
 -0.42000001668930054        2.3685500126004220        2.3744826341492224        2.3742301874483296     
 -0.40000003576278687        2.3533333607514697        2.3583967653094362        2.3582674697391770     
 -0.37999999523162842        2.3378833296219508        2.3422707804691751        2.3421374373159480     
 -0.36000001430511475        2.3222000113010406        2.3258874065886399        2.3258375587336459     
 -0.34000003337860107        2.3062833600918449        2.3094565518010359        2.3093650995456900     
 -0.31999999284744263        2.2901333275159201        2.2928521100225154        2.2927172624807959     
 -0.30000001192092896        2.2737500098347665        2.2759631127095057        2.2758913368175411     
 -0.28000003099441528        2.2571333592653273        2.2589614472037827        2.2588843988640428     
 -0.25999999046325684        2.2402833252429959        2.2418064881586837        2.2416934564595938     
 -0.24000000953674316        2.2232000082015988        2.2242809048618604        2.2243156031182956     
 -0.22000002861022949        2.2058833582719162        2.2068646160419161        2.2067477085899263     
 -0.20000004768371582        2.1883333754539480        2.1889998149968530        2.1889866211023596     
 -0.18000000715255737        2.1705500064015388        2.1710428633680054        2.1710290603813895     
 -0.16000002622604370        2.1525333571116128        2.1529128235508246        2.1528718300132517     
 -0.14000004529953003        2.1342833749334011        2.1344988210144678        2.1345114939766812     
 -0.12000000476837158        2.1158000044345853        2.1159547014417655        2.1159445320048889     
 -0.10000002384185791        2.0970833557844157        2.0971648077047029        2.0971675057508850     
 -8.00000429153442383E-002   2.0781333742459607        2.0782035743332550        2.0781767241431659     
 -6.00000023841857910E-002   2.0589500023007394        2.0589594449450819        2.0589684037602343     
 -4.00000214576721191E-002   2.0395333542903265        2.0395450735142324        2.0395388405667298     
 -2.00000405311584473E-002   2.0198833733916279        2.0198834429699688        2.0198840634819053     
   0.0000000000000000        2.0000000000000000        1.9999999957893264        2.0000000000000000     
  1.99999809265136719E-002   1.9798833526293436        1.9798830447148248        1.9798826537717376     
  3.99999618530273438E-002   1.9595333723704016        1.9595252555557616        1.9595277457248566     
  5.99999427795410156E-002   1.9389500592231741        1.9389245739600731        1.9389309469255305     
  7.99999237060546875E-002   1.9181334131876611        1.9180825036991189        1.9180878160457790     
  0.10000002384185791        1.8970833081007001        1.8969599924795748        1.8969936691126341     
  0.12000000476837158        1.8757999948978423        1.8756150935632749        1.8756440800025385     
  0.13999998569488525        1.8542833488066990        1.8539675500129849        1.8540341220236469     
  0.15999996662139893        1.8325333698272701        1.8322099186039931        1.8321588650631597     
  0.17999994754791260        1.8105500579595557        1.8099831090651506        1.8100132461862541     
  0.19999992847442627        1.7883334132035558        1.7876033576688890        1.7875920650276047     
  0.22000002861022949        1.7658833010514574        1.7651767731954000        1.7648898428252491     
  0.24000000953674316        1.7431999891281127        1.7420448501446402        1.7419013603420630     
  0.25999999046325684        1.7202833443164824        1.7190397477380550        1.7186208408024710     
  0.27999997138977051        1.6971333666165667        1.6949604476180231        1.6950424839940597     
  0.29999995231628418        1.6737500560283654        1.6716602112302592        1.6711603261114021     
  0.31999993324279785        1.6501334125518785        1.6472812454535641        1.6469682338236638     
  0.33999991416931152        1.6262834361871061        1.6231063583546241        1.6224598980806040     
  0.36000001430511475        1.6021999826908111        1.5980067340718502        1.5976286786635270     
  0.37999999523162842        1.5778833391586939        1.5727210545938846        1.5724681913622058     
  0.39999997615814209        1.5533333627382913        1.5480239350904110        1.5469714129418142     
  0.41999995708465576        1.5285500534296030        1.5221769384522439        1.5211312638083998     
  0.43999993801116943        1.5035334112326293        1.4970839859338891        1.4949404532495767     
  0.45999991893768311        1.4782834361473700        1.4707455697352234        1.4683914713552781     
  0.48000001907348633        1.4527999755859373        1.4433866488549327        1.4414764190310922     
  0.50000000000000000        1.4270833333333333        1.4171960652446529        1.4141876430205951     
  0.51999998092651367        1.4011333581924437        1.3896600597532967        1.3865167641544818     
  0.53999996185302734        1.3749500501632685        1.3624850308709702        1.3584553071055432     
  0.55999994277954102        1.3485334092458079        1.3341410833778706        1.3299945308841039     
  0.57999992370605469        1.3218834354400617        1.3062247616517761        1.3011254181679384     
  0.59999990463256836        1.2950001287460300        1.2777842896573635        1.2718386641114821     
  0.62000000476837158        1.2678833268404006        1.2503936723264335        1.2421244862021597     
  0.63999998569488525        1.2405333529790241        1.2191530460391338        1.2119733229095564     
  0.65999996662139893        1.2129500462293621        1.1954272606333092        1.1813747581770033     
  0.67999994754791260        1.1851334065914145        1.1656986223755812        1.1503182136515484     
  0.69999992847442627        1.1570834340651814        1.1328780604624757        1.1187927585724420     
  0.71999990940093994        1.1288001286506628        1.0962787786546127        1.0867870947529239     
  0.74000000953674316        1.1002833196798960        1.0801822063352304        1.0542893455941140     
  0.75999999046325684        1.0715333470980326        1.0366620328146752        1.0212878171856212     
  0.77999997138977051        1.0425500416278837        1.0100336889108359       0.98776981871315250     
  0.79999995231628418        1.0133334032694492       0.97160432160120180       0.95372241582108530     
  0.81999993324279785       0.98388343202272921       0.94223109740870825       0.91913221897541453     
  0.83999991416931152       0.95420012788772368       0.90958156999959350       0.88398536299911634     
  0.86000001430511475       0.92428331185181922       0.87440377009581027       0.84826727086356435     
  0.87999999523162842       0.89413334054946891       0.84510701660037491       0.81196348588502332     
  0.89999997615814209       0.86375003635883307       0.80504274539679699       0.77505837044726800     
  0.91999995708465576       0.83313339927991170       0.77619550183272956       0.73753592869017282     
  0.93999993801116943       0.80228342931270480       0.73288912322799327       0.69937956850382865     
  0.95999991893768311       0.77120012645721236       0.70881803090844464       0.66057207316664335     
  0.97999989986419678       0.73988349071343440       0.66826138232971033       0.62109557134485183     
   1.0000000000000000       0.70833333333333326       0.63719876692531585       0.58093126385809302     
