  -20.000000000000000        66.166454190186258        5.4403276057803494        5.9072242167889177        26.485993987244466        25.999999999999996        26.000000000000004        22.000000000000000        24.000000000000000        26.000000000000000        28.000000000000000        30.000000000000000     
  -19.600000381469727        64.969843437000478        5.4294655997171937        5.9053386906734993        26.095353798487718        25.600000381469723        25.600000381469727        21.600000381469727        23.600000381469727        25.600000381469727        27.600000381469727        29.600000381469727     
  -19.200000762939453        63.773373281549134        5.4181845798072530        5.9033751046098821        25.705070085791551        25.200000762939460        25.200000762939464        21.200000762939453        23.200000762939453        25.200000762939453        27.200000762939453        29.200000762939453     
  -18.799999237060547        62.577046943887382        25.315161064803672        24.799999237060547        5.4064604295510872        5.9013285100000505        24.799999237060550        20.799999237060547        22.799999237060547        24.799999237060547        26.799999237060547        28.799999237060547     
  -18.399999618530273        61.380885527677883        24.925652005724849        24.399999618530288        5.3942673775725067        5.8991935631458778        24.399999618530277        20.399999618530273        22.399999618530273        24.399999618530273        26.399999618530273        28.399999618530273     
  -18.000000000000000        60.184893877916757        5.3815774919046051        5.8969644202264417        24.536564209952203        23.999999999999993        24.000000000000000        20.000000000000000        22.000000000000000        24.000000000000000        26.000000000000000        28.000000000000000     
  -17.600000381469727        58.989083496003751        5.3683607121143506        5.8946347231681697        24.147922594592647        23.600000381469737        23.600000381469719        19.600000381469727        21.600000381469727        23.600000381469727        25.600000381469727        27.600000381469727     
  -17.200000762939453        57.793466944432694        23.759753993103242        23.200000762939453        5.3545845841031987        5.8921975301186906        23.200000762939460        19.200000762939453        21.200000762939453        23.200000762939453        25.200000762939453        27.200000762939453     
  -16.799999237060547        56.598052272177483        5.3402139559337973        5.8896452346126127        23.372085485518291        22.799999237060558        22.799999237060547        18.799999237060547        20.799999237060547        22.799999237060547        24.799999237060547        26.799999237060547     
  -16.399999618530273        55.402865957454352        22.984951986362791        22.399999618530284        5.3252109936989713        5.8869695366049868        22.399999618530273        18.399999618530273        20.399999618530273        22.399999618530273        24.399999618530273        26.399999618530273     
  -16.000000000000000        54.207918870939082        5.3095344793006811        5.8841612798337071        22.598385369926550        22.000000000000004        21.999999999999996        18.000000000000000        20.000000000000000        22.000000000000000        24.000000000000000        26.000000000000000     
  -15.600000381469727        53.013229266686096        22.212422106582423        21.600000381469734        5.2931397558772568        5.8812103967331506        21.600000381469734        17.600000381469727        19.600000381469727        21.600000381469727        23.600000381469727        25.600000381469727     
  -15.199999809265137        51.818814452765281        21.827100760033066        21.199999809265133        5.2759782544096039        5.8781057698526036        21.199999809265137        17.199999809265137        19.199999809265137        21.199999809265137        23.199999809265137        25.199999809265137     
  -14.799999237060547        50.624699588391934        5.2579972068703320        5.8748351158665413        21.442465037113372        20.799999237060540        20.799999237060550        16.799999237060547        18.799999237060547        20.799999237060547        22.799999237060547        24.799999237060547     
  -14.399999618530273        49.430912280048751        5.2391391160125540        5.8713848124192749        21.058562265640514        20.399999618530266        20.399999618530270        16.399999618530273        18.399999618530273        20.399999618530273        22.399999618530273        24.399999618530273     
  -14.000000000000000        48.237477235920821        5.2193411451162763        5.8677396934644479        20.675441925498468        20.000000000000011        20.000000000000004        16.000000000000000        18.000000000000000        20.000000000000000        22.000000000000000        24.000000000000000     
  -13.600000381469727        47.044425211285450        5.1985346681090707        5.8638828535796739        20.293158792904727        19.600000381469734        19.600000381469727        15.600000381469727        17.600000381469727        19.600000381469727        21.600000381469727        23.600000381469727     
  -13.199999809265137        45.851787795116969        5.1766445217352333        5.8597953724226688        19.911771547785651        19.199999809265140        19.199999809265137        15.199999809265137        17.199999809265137        19.199999809265137        21.199999809265137        23.199999809265137     
  -12.799999237060547        44.659606505701660        5.1535884248165464        5.8554560388310604        19.531345978892919        18.799999237060540        18.799999237060547        14.799999237060547        16.799999237060547        18.799999237060547        20.799999237060547        22.799999237060547     
  -12.399999618530273        43.467927769627934        5.1292760577457708        5.8508409726201283        19.151953674127260        18.399999618530270        18.399999618530273        14.399999618530273        16.399999618530273        18.399999618530273        20.399999618530273        22.399999618530273     
  -12.000000000000000        42.276798045047862        5.1036080009578280        5.8459231694024014        18.773670784591914        18.000000000000004        18.000000000000000        14.000000000000000        16.000000000000000        18.000000000000000        20.000000000000000        22.000000000000000     
  -11.599999427795410        41.086270475543657        18.396580460393906        17.599999427795410        5.0764747738256855        5.8406720014183984        17.599999427795410        13.599999427795410        15.599999427795410        17.599999427795410        19.599999427795410        21.599999427795410     
  -11.199999809265137        39.896414565729891        5.0477558432951355        5.8350526344535583        18.020776193581980        17.199999809265140        17.199999809265147        13.199999809265137        15.199999809265137        17.199999809265137        19.199999809265137        21.199999809265137     
  -10.800000190734863        38.707300568610087        17.646357120413008        16.800000190734863        5.0173178776273151        5.8290251962890611        16.800000190734870        12.800000190734863        14.800000190734863        16.800000190734863        18.800000190734863        20.800000190734863     
  -10.399999618530273        37.519009744618728        17.273431459356530        16.399999618530281        4.9850133833333476        5.8225438868125252        16.399999618530277        12.399999618530273        14.399999618530273        16.399999618530273        18.399999618530273        20.399999618530273     
  -10.000000000000000        36.331644991918040        4.9506792116689695        5.8155558952356099        16.902119901177404        16.000000000000000        16.000000000000007        12.000000000000000        14.000000000000000        16.000000000000000        18.000000000000000        20.000000000000000     
  -9.5999994277954102        35.145313675565504        16.532550116033537        15.599999427795415        4.9141340324307521        5.8079998871518628        15.599999427795410        11.599999427795410        13.599999427795410        15.599999427795410        17.599999427795410        19.599999427795410     
  -9.1999998092651367        33.960153595379246        4.8751767537553778        5.7998043924680820        16.164864495457842        15.199999809265135        15.199999809265140        11.199999809265137        13.199999809265137        15.199999809265137        17.199999809265137        19.199999809265137     
  -8.8000001907348633        32.776317371685437        4.8335833914971058        5.7908854905496048        15.799214509207287        14.800000190734862        14.800000190734860        10.800000190734863        12.800000190734863        14.800000190734863        16.800000190734863        18.800000190734863     
  -8.3999996185302734        31.593986279905675        15.435763680240218        14.399999618530275        4.7891044328616221        5.7811440811135784        14.399999618530273        10.399999618530273        12.399999618530273        14.399999618530273        16.399999618530273        18.399999618530273     
  -8.0000000000000000        30.413385550309982        4.7414619336045449        5.7704624164142571        15.074690099671209        14.000000000000002        13.999999999999996        10.000000000000000        12.000000000000000        14.000000000000000        16.000000000000000        18.000000000000000     
  -7.5999994277954102        29.234773552859068        14.716179722354095        13.599999427795403        4.6903450755074481        5.7586993604610175        13.599999427795408        9.5999994277954102        11.599999427795410        13.599999427795410        15.599999427795410        17.599999427795410     
  -7.1999998092651367        28.058476011014001        4.6354069031528393        5.7456846365714416        14.360431686322272        13.199999809265133        13.199999809265137        9.1999998092651367        11.199999809265137        13.199999809265137        15.199999809265137        17.199999809265137     
  -6.8000001907348633        26.884881873637443        4.5762587414108973        5.7312107891302517        14.007649358760872        12.800000190734870        12.800000190734863        8.8000001907348633        10.800000190734863        12.800000190734863        14.800000190734863        16.800000190734863     
  -6.3999996185302734        25.714472728494549        4.5124650815268570        5.7150227909895532        13.658037873110137        12.399999618530273        12.399999618530268        8.3999996185302734        10.399999618530273        12.399999618530273        14.399999618530273        16.399999618530273     
  -6.0000000000000000        24.547859779070642        4.4435378039841442        5.6968040562148463        13.311798360730370        12.000000000000004        11.999999999999993        8.0000000000000000        10.000000000000000        12.000000000000000        14.000000000000000        16.000000000000000     
  -5.5999994277954102        23.385804074775429        4.3689277097736792        5.6761568456901328        12.969109080942417        11.599999427795415        11.599999427795412        7.5999994277954102        9.5999994277954102        11.599999427795410        13.599999427795410        15.599999427795410     
  -5.1999998092651367        22.229294833398754        12.630111606564277        11.199999809265140        4.2880169671537036        5.6525758299438165        11.199999809265135        7.1999998092651367        9.1999998092651367        11.199999809265137        13.199999809265137        15.199999809265137     
  -4.8000001907348633        21.079610590127771        4.2001068387460929        5.6254100443292980        12.294873289736289        10.800000190734869        10.800000190734862        6.8000001907348633        8.8000001907348633        10.800000190734863        12.800000190734863        14.800000190734863     
  -4.3999996185302734        19.938445568244703        11.963340106325212        10.399999618530272        4.1044037107905078        5.5938090887606702        10.399999618530275        6.3999996185302734        8.3999996185302734        10.399999618530273        12.399999618530273        14.399999618530273     
  -4.0000000000000000        18.808093992928860        3.9999999999999973        5.5566451649669792        11.635260842104170        10.000000000000004        9.9999999999999982        6.0000000000000000        8.0000000000000000        10.000000000000000        12.000000000000000        14.000000000000000     
  -3.6000003814697266        17.691702177220279        3.8858438920309020        5.5123975072969280        11.310057949330805        9.6000003814697301        9.6000003814697248        5.6000003814697266        7.6000003814697266        9.6000003814697266        11.600000381469727        13.600000381469727     
  -3.1999988555908203        16.593690169384743        3.7606952415781776        10.986628929640029        9.1999988555908185        5.4589810817603306        9.1999988555908185        5.1999988555908203        7.1999988555908203        9.1999988555908203        11.199998855590820        13.199998855590820     
  -2.7999992370605469        15.520420713045148        3.6230564100289646        5.3934914838485710        10.663028341319492        8.7999992370605451        8.7999992370605433        4.7999992370605469        6.7999992370605469        8.7999992370605469        10.799999237060547        12.799999237060547     
  -2.3999996185302734        14.481176512871379        3.4710493000921301        10.335948462639291        8.3999996185302752        5.3118241985183019        8.3999996185302734        4.3999996185302734        6.3999996185302734        8.3999996185302734        10.399999618530273        12.399999618530273     
  -2.0000000000000000        13.489652155363849        3.3022115649985628        10.000000000000002        8.0000000000000018        5.2081362796375865        8.0000000000000018        4.0000000000000000        6.0000000000000000        8.0000000000000000        10.000000000000000        12.000000000000000     
  -1.6000003814697266        12.565660546513818        3.1131312911759208        9.6470444091661900        7.6000003814697275        5.0741652790229832        7.6000003814697266        3.6000003814697266        5.6000003814697266        7.6000003814697266        9.6000003814697266        11.600000381469727     
  -1.1999988555908203        2.8987906642444576        4.8986585713358490        11.735493763479129        9.2670524233038414        7.1999988555908212        7.1999988555908194        3.1999988555908203        5.1999988555908203        7.1999988555908203        9.1999988555908203        11.199998855590820     
 -0.79999923706054688        2.6514003648293962        4.6678438821109802        11.026446510526140        8.8543061907756666        6.7999992370605451        6.7999992370605495        2.7999992370605469        4.7999992370605469        6.7999992370605469        8.7999992370605469        10.799999237060547     
 -0.39999961853027344        2.3584303823310777        4.3690789934411765        8.4204908549114865        10.451998243437357        6.3999996185302752        6.3999996185302752        2.3999996185302734        4.3999996185302734        6.3999996185302734        8.3999996185302734        10.399999618530273     
   0.0000000000000000        2.0000000000000000        4.0000000000000000        6.0000000000000000        6.0000000000000000        8.0000000000000000        10.000000000000000        2.0000000000000000        4.0000000000000000        6.0000000000000000        8.0000000000000000        10.000000000000000     
  0.39999961853027344        1.5480017565626452        3.5795091450885139        9.6415696176689210        7.6309210065588218        5.6000003814697266        5.6000003814697257        1.6000003814697266        3.6000003814697266        5.6000003814697266        7.6000003814697266        9.6000003814697266     
  0.80000114440917969       0.97355042837144179        3.1456917715350254        9.3485983593032600        7.3321548631535576        5.1999988555908212        5.1999988555908203        1.1999988555908203        3.1999988555908203        5.1999988555908203        7.1999988555908203        9.1999988555908203     
   1.2000007629394531       0.26450254761500158        2.7329456866477280        9.1012082425939216        7.1013404713855577        4.7999992370605487        4.7999992370605460       0.79999923706054688        2.7999992370605469        4.7999992370605469        6.7999992370605469        8.7999992370605469     
   1.6000003814697266      -0.56566054651382069        2.3529555908338140        8.8868687088240819        6.9258347209770212        4.3999996185302725        4.3999996185302734       0.39999961853027344        2.3999996185302734        4.3999996185302734        6.3999996185302734        8.3999996185302734     
   2.0000000000000000       -1.4896521553638475        1.9999999999999984        8.6977884350014349        6.7918637203624099        3.9999999999999987        4.0000000000000009        0.0000000000000000        2.0000000000000000        4.0000000000000000        6.0000000000000000        8.0000000000000000     
   2.3999996185302734       -2.4811765128713761        1.6640515373607088        8.5289506999078686        6.6881758014817017        3.6000003814697248        3.6000003814697261      -0.39999961853027344        1.6000003814697266        3.6000003814697266        5.6000003814697266        7.6000003814697266     
   2.8000011444091797       -3.5204257585361285        1.3369701106611518        8.3769429010831580        6.6065081691550969        3.1999988555908212        3.1999988555908203      -0.80000114440917969        1.1999988555908203        3.1999988555908203        5.1999988555908203        7.1999988555908203     
   3.2000007629394531       -4.5936953521355859        1.0133695297124903        8.2393041332060442        6.5410186374592314        2.7999992370605487        2.7999992370605473       -1.2000007629394531       0.79999923706054688        2.7999992370605469        4.7999992370605469        6.7999992370605469     
   3.6000003814697266       -5.6917021772202707       0.68994205066919445        8.1141561079690945        6.4876024927030711        2.3999996185302739        2.3999996185302739       -1.6000003814697266       0.39999961853027344        2.3999996185302734        4.3999996185302734        6.3999996185302734     
   4.0000000000000000       -6.8080939929288533       0.36473915789582528        7.9999999999999991        6.4433548350330181        1.9999999999999991        2.0000000000000000       -2.0000000000000000        0.0000000000000000        2.0000000000000000        4.0000000000000000        6.0000000000000000     
   4.3999996185302734       -7.9384455682447097        3.6659893674787572E-002   7.8955962892094931        6.4061909112393343        1.6000003814697250        1.6000003814697266       -2.3999996185302734      -0.39999961853027344        1.6000003814697266        3.6000003814697266        5.6000003814697266     
   4.8000011444091797       -9.0796133218072583      -0.29487408453655628        7.7998929427061281        6.3745898860009680        1.1999988555908201        1.1999988555908201       -2.8000011444091797      -0.80000114440917969        1.1999988555908203        3.1999988555908203        5.1999988555908203     
   5.2000007629394531       -10.229297583178742      -0.63011241032456766       0.79999923706054654        7.7119828318910653        6.3474241098544208       0.79999923706054621       -3.2000007629394531       -1.2000007629394531       0.79999923706054688        2.7999992370605469        4.7999992370605469     
   5.6000003814697266       -11.385806839161962      -0.96910989362060185        7.6310721050917092        6.3238431018119527       0.39999961853027322       0.39999961853027372       -3.6000003814697266       -1.6000003814697266       0.39999961853027344        2.3999996185302734        4.3999996185302734     
   6.0000000000000000       -12.547859779070645       -1.3117983607303672        7.5564621960158558        6.3031959437851572        3.2350372545229227E-016  -1.7790589288372654E-016  -4.0000000000000000       -2.0000000000000000        0.0000000000000000        2.0000000000000000        4.0000000000000000     
   6.3999996185302734       -13.714472728494545       -1.6580378731101373      -0.39999961853027677        7.4875349184731386        6.2849772090104450      -0.39999961853027344       -4.3999996185302734       -2.3999996185302734      -0.39999961853027344        1.6000003814697266        3.6000003814697266     
   6.8000011444091797       -14.884884668120364       -2.0076501961607285        7.4237411122140893        6.2687891744302879      -0.80000114440917824      -0.80000114440918024       -4.8000011444091797       -2.8000011444091797      -0.80000114440917969        1.1999988555908203        3.1999988555908203     
   7.2000007629394531       -16.058478812477993       -2.3604325310390992       -1.2000007629394545        7.3645929610087704        6.2543153307505150       -1.2000007629394525       -5.2000007629394531       -3.2000007629394531       -1.2000007629394531       0.79999923706054688        2.7999992370605469     
   7.6000003814697266       -17.234776360269347       -2.7161805738963927        7.3096547982109081        6.2413006100759159       -1.6000003814697277       -1.6000003814697270       -5.6000003814697266       -3.6000003814697266       -1.6000003814697266       0.39999961853027344        2.3999996185302734     
   8.0000000000000000       -18.413385550309993       -3.0746900996712148       -2.0000000000000018        7.2585380663954533        6.2295375835857589       -2.0000000000000000       -6.0000000000000000       -4.0000000000000000       -2.0000000000000000        0.0000000000000000        2.0000000000000000     
   8.3999996185302734       -19.593986279905685       -3.4357636802402278        7.2108955671383832        6.2188559188864305       -2.3999996185302725       -2.3999996185302734       -6.3999996185302734       -4.3999996185302734       -2.3999996185302734      -0.39999961853027344        1.6000003814697266     
   8.8000011444091797       -20.776320192455607       -3.7992153784307257        7.1664165060012657        6.2091144872483435       -2.8000011444091792       -2.8000011444091792       -6.8000011444091797       -4.8000011444091797       -2.8000011444091797      -0.80000114440917969        1.1999988555908203     
   9.2000007629394531       -21.960156419512582       -4.1648653697257609        7.1248231503144837        6.2001955871660526       -3.2000007629394536       -3.2000007629394522       -7.2000007629394531       -5.2000007629394531       -3.2000007629394531       -1.2000007629394531       0.79999923706054688     
   9.6000003814697266       -23.145316502659636       -4.5325509949684237        7.0858658776475840        6.1920000941015738       -3.6000003814697270       -3.6000003814697248       -7.6000003814697266       -5.6000003814697266       -3.6000003814697266       -1.6000003814697266       0.39999961853027344     
   10.000000000000000       -24.331644991918012       -4.9021199011774019       -4.0000000000000018        7.0493207883310243        6.1844441047643990       -4.0000000000000000       -8.0000000000000000       -6.0000000000000000       -4.0000000000000000       -2.0000000000000000        0.0000000000000000     
   10.399999618530273       -25.519009744618714       -5.2734314593565124       -4.3999996185302752        7.0149866166666541        6.1774561131874739       -4.3999996185302725       -8.3999996185302734       -6.3999996185302734       -4.3999996185302734       -2.3999996185302734      -0.39999961853027344     
   10.800001144409180       -26.707303402732645        6.9826820476394689        6.1709747888188531       -5.6463580113623957       -4.8000011444091797       -4.8000011444091797       -8.8000011444091797       -6.8000011444091797       -4.8000011444091797       -2.8000011444091797      -0.80000114440917969     
   11.200000762939453       -27.896417401716796       -6.0207770879602469       -5.2000007629394540        6.9522440862399151        6.1649473516793059       -5.2000007629394522       -9.2000007629394531       -7.2000007629394531       -5.2000007629394531       -3.2000007629394531       -1.2000007629394531     
   11.600000381469727       -29.086273313208284        6.9235251596437051        6.1593279856377103       -6.3965813579520212       -5.6000003814697275       -5.6000003814697257       -9.6000003814697266       -7.6000003814697266       -5.6000003814697266       -3.6000003814697266       -1.6000003814697266     
   12.000000000000000       -30.276798045047890       -6.7736707845919062       -6.0000000000000062        6.8963919990421800        6.1540768305976021       -6.0000000000000009       -10.000000000000000       -8.0000000000000000       -6.0000000000000000       -4.0000000000000000       -2.0000000000000000     
   12.400001525878906       -31.467933450733103        6.8707238231742913        6.1491590046745275       -7.1519554806313481       -6.4000015258789080       -6.4000015258789045       -10.400001525878906       -8.4000015258789062       -6.4000015258789062       -4.4000015258789062       -2.4000015258789062     
   12.799999237060547       -32.659606505701653        6.8464115751834624        6.1445439611689245       -7.5313459788929249       -6.7999992370605504       -6.7999992370605460       -10.799999237060547       -8.7999992370605469       -6.7999992370605469       -4.7999992370605469       -2.7999992370605469     
   13.200000762939453       -33.851790638054638        6.8233554247189829        6.1402046175407410       -7.9117724559628861       -7.2000007629394540       -7.2000007629394567       -11.200000762939453       -9.2000007629394531       -7.2000007629394531       -5.2000007629394531       -3.2000007629394531     
   13.600002288818359       -35.044430899239934        6.8014652301567349        6.1361171274955018       -8.2931606136857479       -7.6000022888183629       -7.6000022888183594       -11.600002288818359       -9.6000022888183594       -7.6000022888183594       -5.6000022888183594       -3.6000022888183594     
   14.000000000000000       -36.237477235920814        6.7806588548837325        6.1322603065355441       -8.6754419254984612       -7.9999999999999991       -8.0000000000000000       -12.000000000000000       -10.000000000000000       -8.0000000000000000       -6.0000000000000000       -4.0000000000000000     
   14.400001525878906       -37.430917971658893        6.7608607918762536        6.1286151706766105       -9.0585640944096024       -8.4000015258789080       -8.4000015258789062       -12.400001525878906       -10.400001525878906       -8.4000015258789062       -6.4000015258789062       -4.4000015258789062     
   14.799999237060547       -38.624699588391941        6.7420027931296573        6.1251648841334410       -9.4424650371133776       -8.7999992370605469       -8.7999992370605469       -12.799999237060547       -10.799999237060547       -8.7999992370605469       -6.7999992370605469       -4.7999992370605469     
   15.200000762939453       -39.818817300119797       -9.8271016779098126        6.7240217037191625        6.1218942225526236       -9.2000007629394549       -9.2000007629394549       -13.200000762939453       -11.200000762939453       -9.2000007629394531       -7.2000007629394531       -5.2000007629394531     
   15.600002288818359       -41.013234962770362        6.7068601641587140        6.1187895888386583       -10.212423945500447       -9.6000022888183594       -9.6000022888183629       -13.600002288818359       -11.600002288818359       -9.6000022888183594       -7.6000022888183594       -5.6000022888183594     
   16.000000000000000       -42.207918870939082        6.6904655206993162        6.1158387201663142       -10.598385369926550       -10.000000000000002       -10.000000000000000       -14.000000000000000       -12.000000000000000       -10.000000000000000       -8.0000000000000000       -6.0000000000000000     
   16.400001525878906       -43.402871655995675        6.6747889331894337        6.1130304503278570       -10.984953831037224       -10.400001525878903       -10.400001525878906       -14.400001525878906       -12.400001525878906       -10.400001525878906       -8.4000015258789062       -6.4000015258789062     
   16.799999237060547       -44.598052272177483        6.6597860440662107        6.1103547653873873       -11.372085485518285       -10.799999237060545       -10.799999237060550       -14.799999237060547       -12.799999237060547       -10.799999237060547       -8.7999992370605469       -6.7999992370605469     
   17.200000762939453       -45.793466944432687        6.6454154158968191        6.1078024698813156       -11.759753993103246       -11.200000762939453       -11.200000762939451       -15.200000762939453       -13.200000762939453       -11.200000762939453       -9.2000007629394531       -7.2000007629394531     
   17.600002288818359       -46.989089197625745       -12.147924446676425       -11.600002288818366        6.6316392235562862        6.1053652654724360       -11.600002288818358       -15.600002288818359       -13.600002288818359       -11.600002288818359       -9.6000022888183594       -7.6000022888183594     
   18.000000000000000       -48.184893877916771        6.6184225080953869        6.1030355797735769       -12.536564209952207       -12.000000000000000       -11.999999999999996       -16.000000000000000       -14.000000000000000       -12.000000000000000       -10.000000000000000       -8.0000000000000000     
   18.400001525878906       -49.380891231029409        6.6057325631248762        6.1008064264541737       -12.925653862065248       -12.400001525878906       -12.400001525878903       -16.400001525878906       -14.400001525878906       -12.400001525878906       -10.400001525878906       -8.4000015258789062     
   18.799999237060547       -50.577046943887375        6.5935395704489057        6.0986714899999592       -13.315161064803672       -12.799999237060549       -12.799999237060550       -16.799999237060547       -14.799999237060547       -12.799999237060547       -10.799999237060547       -8.7999992370605469     
   19.200000762939453       -51.773373281549127        6.5818154201927506        6.0966248953901587       -13.705070085791547       -13.200000762939455       -13.200000762939453       -17.200000762939453       -15.200000762939453       -13.200000762939453       -11.200000762939453       -9.2000007629394531     
   19.600002288818359       -52.969849142562239        6.5705343475080920        6.0946613001532830       -14.095355660372565       -13.600002288818356       -13.600002288818361       -17.600002288818359       -15.600002288818359       -13.600002288818359       -11.600002288818359       -9.6000022888183594     
   20.000000000000000       -54.166454190186258        6.5596723942196427        6.0927757832110787       -14.485993987244473       -14.000000000000000       -14.000000000000004       -18.000000000000000       -16.000000000000000       -14.000000000000000       -12.000000000000000       -10.000000000000000     
